[
    1,
    1,
    2,
    2,
    2,
    2,
    6,
    6,
    11,
    11,
    9,
    9,
    28,
    28,
    16,
    16,
    19,
    19,
    17,
    17,
    21,
    21,
    21,
    21,
    21,
    24,
    24,
    16,
    16,
    31,
    31,
    32,
    32,
    32,
    32,
    38,
    38,
    37,
    37,
    37,
    -1,
    -1,
    -1,
    9,
    9,
    4,
    4,
    4,
    7,
    7,
    9,
    9,
    16,
    16,
    16,
    16,
    19,
    19,
    19,
    21,
    21,
    24,
    24,
    22,
    22,
    24,
    24,
    31,
    31,
    31,
    31,
    40,
    40,
    40,
    28,
    28,
    28,
    39,
    39,
    1,
    1,
    1,
    1,
    1,
    6,
    6,
    11,
    11,
    11,
    11,
    11,
    14,
    14,
    2,
    2,
    16,
    16,
    16,
    17,
    17,
    20,
    20,
    21,
    21,
    26,
    26,
    30,
    30,
    31,
    31,
    31,
    31,
    31,
    31,
    31,
    22,
    22,
    39,
    39,
    0,
    0,
    38,
    38,
    30,
    30,
    4,
    4,
    7,
    7,
    11,
    11,
    27,
    27,
    27,
    16,
    16,
    19,
    19,
    19,
    21,
    21,
    24,
    24,
    22,
    22,
    24,
    24,
    24,
    37,
    37,
    29,
    29,
    29,
    36,
    36,
    31,
    31,
    39,
    39,
    -1,
    -1,
    15,
    15,
    6,
    6,
    6,
    -1,
    -1,
    7,
    7,
    9,
    9,
    16,
    16,
    16,
    16,
    1,
    1,
    17,
    17,
    19,
    19,
    24,
    24,
    26,
    26,
    6,
    6,
    18,
    18,
    29,
    29,
    37,
    37,
    36,
    36,
    39,
    39,
    39,
    0,
    0,
    2,
    2,
    2,
    7,
    7,
    7,
    7,
    7,
    11,
    11,
    12,
    12,
    12,
    12,
    14,
    14,
    19,
    19,
    21,
    21,
    22,
    22,
    26,
    26,
    25,
    25,
    27,
    27,
    27,
    29,
    29,
    29,
    37,
    37,
    37,
    37,
    37,
    27,
    27,
    27,
]